{
   "configuration" : {
      "default_parameters" : {
         "absolute_regularization" : 10,
         "covariance_mode" : 0,
         "gaussians" : 10,
         "relative_regularization" : 2
      },
      "multiClass_regression_estimator" : 0,
      "multithreading" : 2
   },
   "models" : [
      {
         "components" : [
            {
               "bimodal" : false,
               "covariance" : [
                  10.000248651525856,
                  1.5901501573313035,
                  -0.010148277312014304,
                  0.01679835464935623,
                  0.011668638179871066,
                  0.005084284436541798,
                  0.0063026101068976497,
                  -0.00020487170425696462,
                  0.0025774158109423176,
                  -0.00069068897306209299,
                  -0.0038268959439811566,
                  -0.0058266148887991445,
                  1.5901501573313035,
                  31405.609841625526,
                  -150.31195285751221,
                  31.330141582907576,
                  62.55251791843947,
                  47.811818647750691,
                  50.931012214292863,
                  -2.3445567869369666,
                  39.665598095207869,
                  28.964014792143107,
                  1.4640954009105596,
                  -16.770219002557088,
                  -0.010148277312014304,
                  -150.31195285751221,
                  10.957671764967239,
                  -0.51612343003043692,
                  -0.58090224716578254,
                  -0.32098320088216359,
                  -0.3002103565968699,
                  0.038520383748643354,
                  -0.22455573521336264,
                  -0.13695485474988514,
                  0.074266338413933319,
                  0.22816225045714758,
                  0.01679835464935623,
                  31.330141582907576,
                  -0.51612343003043692,
                  12.205633560960575,
                  1.2333327155496756,
                  0.36245428623840842,
                  0.48436315207318881,
                  0.00045985275044966938,
                  0.10238223220144271,
                  -0.26321226090160849,
                  -0.5588247216897817,
                  -0.69942266234441497,
                  0.011668638179871066,
                  62.55251791843947,
                  -0.58090224716578254,
                  1.2333327155496756,
                  10.889390710369083,
                  0.38571001703345503,
                  0.3756912349023831,
                  -0.025762082123950224,
                  0.14783377178274063,
                  -0.086224592774635608,
                  -0.31901366830064798,
                  -0.45966768215456727,
                  0.005084284436541798,
                  47.811818647750691,
                  -0.32098320088216359,
                  0.36245428623840842,
                  0.38571001703345503,
                  10.281618598632518,
                  0.22855742984444435,
                  -0.036769809490566074,
                  0.082752098865660872,
                  -0.0033515394587475354,
                  -0.10046551454796779,
                  -0.1882215134586214,
                  0.0063026101068976497,
                  50.931012214292863,
                  -0.3002103565968699,
                  0.48436315207318881,
                  0.3756912349023831,
                  0.22855742984444435,
                  10.257994605343656,
                  0.0037771930904946303,
                  0.077672632433511149,
                  -0.020104502597587556,
                  -0.12006690924184964,
                  -0.1996111677175556,
                  -0.00020487170425696462,
                  -2.3445567869369666,
                  0.038520383748643354,
                  0.00045985275044966938,
                  -0.025762082123950224,
                  -0.036769809490566074,
                  0.0037771930904946303,
                  10.057732125798845,
                  0.019818441912210705,
                  0.017318293669100246,
                  0.017979969405719255,
                  0.026725323831220414,
                  0.0025774158109423176,
                  39.665598095207869,
                  -0.22455573521336264,
                  0.10238223220144271,
                  0.14783377178274063,
                  0.082752098865660872,
                  0.077672632433511149,
                  0.019818441912210705,
                  10.108762275655847,
                  0.046163296791914984,
                  -0.016565895340551001,
                  -0.047405693395197568,
                  -0.00069068897306209299,
                  28.964014792143107,
                  -0.13695485474988514,
                  -0.26321226090160849,
                  -0.086224592774635608,
                  -0.0033515394587475354,
                  -0.020104502597587556,
                  0.017318293669100246,
                  0.046163296791914984,
                  10.154016083773744,
                  0.16487945306905227,
                  0.1400032441664488,
                  -0.0038268959439811566,
                  1.4640954009105596,
                  0.074266338413933319,
                  -0.5588247216897817,
                  -0.31901366830064798,
                  -0.10046551454796779,
                  -0.12006690924184964,
                  0.017979969405719255,
                  -0.016565895340551001,
                  0.16487945306905227,
                  10.267589205684468,
                  0.2871533381094703,
                  -0.0058266148887991445,
                  -16.770219002557088,
                  0.22816225045714758,
                  -0.69942266234441497,
                  -0.45966768215456727,
                  -0.1882215134586214,
                  -0.1996111677175556,
                  0.026725323831220414,
                  -0.047405693395197568,
                  0.1400032441664488,
                  0.2871533381094703,
                  10.37359198868273
               ],
               "covariance_determinant" : 4647956509992929,
               "covariance_determinant_input" : 0,
               "covariance_mode" : 0,
               "dimension" : 12,
               "dimension_input" : 0,
               "inverse_covariance" : [
                  0.099998596709525114,
                  -4.6555929333270475e-06,
                  1.7929192688264342e-05,
                  -0.00011318254432469463,
                  -6.244424241193204e-05,
                  -1.9298958696276659e-05,
                  -2.8649925222523751e-05,
                  5.040907080800923e-07,
                  -4.2517255413700243e-06,
                  1.5866206952928299e-05,
                  2.791354442133574e-05,
                  3.5939147985935676e-05,
                  -4.6555929333270475e-06,
                  3.5111970979400842e-05,
                  0.00045868245752607201,
                  -4.4589320386182173e-05,
                  -0.00016046168907543604,
                  -0.00013667285644210992,
                  -0.00014872838975420749,
                  5.928379960458371e-06,
                  -0.00012197424591398501,
                  -9.6432085684976571e-05,
                  -1.8381245741442876e-05,
                  3.2451071068357631e-05,
                  1.7929192688264342e-05,
                  0.00045868245752607201,
                  0.097856671755163563,
                  0.002618079307930335,
                  0.002186418796868316,
                  0.00071160128030682134,
                  0.00033742568207983497,
                  -0.00025684267857097243,
                  0.00030097503166643443,
                  0.0001215818986655373,
                  -0.00052203765697094774,
                  -0.0011031290739416891,
                  -0.0001131825443246946,
                  -4.458932038618216e-05,
                  0.0026180793079303342,
                  0.083722579539024844,
                  -0.0085546261414729558,
                  -0.0021384586351773822,
                  -0.0031441333484995703,
                  -7.5854656854662834e-05,
                  -0.00042798229433098562,
                  0.0021220199340865374,
                  0.0040490770515113931,
                  0.004894277708742777,
                  -6.244424241193204e-05,
                  -0.00016046168907543604,
                  0.002186418796868316,
                  -0.0085546261414729558,
                  0.094207106173801305,
                  -0.0022873100554442103,
                  -0.0020404962055910417,
                  0.00017528340224941293,
                  -0.00056480949439607886,
                  0.00098211821382557197,
                  0.002317722453800972,
                  0.0031289195762620879,
                  -1.9298958696276656e-05,
                  -0.00013667285644210992,
                  0.00071160128030682101,
                  -0.0021384586351773822,
                  -0.0022873100554442103,
                  0.098140791791473878,
                  -0.0012677618661049862,
                  0.00031409355894438577,
                  -0.00018149970171537662,
                  0.00032568674207793382,
                  0.00073136329046842076,
                  0.0012478748242465366,
                  -2.8649925222523751e-05,
                  -0.00014872838975420749,
                  0.00033742568207983497,
                  -0.0031441333484995707,
                  -0.0020404962055910417,
                  -0.0012677618661049862,
                  0.098521805029389092,
                  -8.8359530213903096e-05,
                  -8.8433584979993358e-05,
                  0.00049307370834501276,
                  0.00087990299750594883,
                  0.0012913089316756495,
                  5.0409070808009261e-07,
                  5.928379960458371e-06,
                  -0.00025684267857097243,
                  -7.5854656854662848e-05,
                  0.00017528340224941291,
                  0.00031409355894438577,
                  -8.8359530213903096e-05,
                  0.099431652262317177,
                  -0.00022808876022981618,
                  -0.00018371386795502934,
                  -0.00016077879538631815,
                  -0.00022839175405411211,
                  -4.2517255413700218e-06,
                  -0.00012197424591398501,
                  0.00030097503166643443,
                  -0.00042798229433098573,
                  -0.00056480949439607886,
                  -0.00018149970171537665,
                  -8.8433584979993358e-05,
                  -0.00022808876022981621,
                  0.099426239957863052,
                  -0.00012049043403746356,
                  0.00012898972224981647,
                  0.0001903183025101434,
                  1.5866206952928299e-05,
                  -9.6432085684976585e-05,
                  0.00012158189866553702,
                  0.0021220199340865374,
                  0.00098211821382557197,
                  0.00032568674207793382,
                  0.00049307370834501276,
                  -0.00018371386795502934,
                  -0.00012049043403746356,
                  0.098864956412347077,
                  -0.0013846010937923819,
                  -0.0012526131724049858,
                  2.791354442133574e-05,
                  -1.8381245741442876e-05,
                  -0.00052203765697094774,
                  0.0040490770515113931,
                  0.0023177224538009716,
                  0.00073136329046842076,
                  0.00087990299750594872,
                  -0.00016077879538631815,
                  0.00012898972224981647,
                  -0.0013846010937923819,
                  0.097797127098931347,
                  -0.0022997628623776544,
                  3.5939147985935669e-05,
                  3.2451071068357645e-05,
                  -0.0011031290739416894,
                  0.004894277708742777,
                  0.0031289195762620879,
                  0.0012478748242465366,
                  0.0012913089316756495,
                  -0.00022839175405411214,
                  0.0001903183025101434,
                  -0.0012526131724049858,
                  -0.0022997628623776544,
                  0.09707351740019772
               ],
               "inverse_covariance_input" : [],
               "mean" : [
                  0.031502282355486091,
                  1137.5012657769612,
                  5.7053975918782136,
                  0.33022658582854564,
                  -1.303902001406815,
                  -2.4349983067443746,
                  -0.55193383262637175,
                  0.092067819623752836,
                  -1.6546442377430615,
                  -1.021433672177932,
                  -0.2714714234749922,
                  0.63633149437418102
               ],
               "output_covariance" : []
            },
            {
               "bimodal" : false,
               "covariance" : [
                  10.000247739918406,
                  1.6562378205019315,
                  -0.010385614093336611,
                  0.017387637002668287,
                  0.011865151105349742,
                  0.0051122688059045641,
                  0.0061132717480459281,
                  -0.00046013945566203342,
                  0.0024917023730552748,
                  -0.00097708485280709623,
                  -0.0039940891120975631,
                  -0.0057566645718784525,
                  1.6562378205019315,
                  30422.493399260555,
                  -144.23898588937149,
                  63.642233537316621,
                  70.507841266268528,
                  43.334503906912474,
                  47.219001395936523,
                  -6.3467443342631071,
                  35.861916253773479,
                  16.742682686354328,
                  -9.6572515255106151,
                  -25.944776855171344,
                  -0.010385614093336611,
                  -144.23898588937149,
                  10.904146447354336,
                  -0.64662138745877906,
                  -0.61982388986732395,
                  -0.32233495744932977,
                  -0.2997465600949491,
                  0.050731800021648725,
                  -0.21037361913485955,
                  -0.074146749037795764,
                  0.13098575579259664,
                  0.27201005497628317,
                  0.017387637002668287,
                  63.642233537316621,
                  -0.64662138745877906,
                  12.150884466375363,
                  1.2604541158632352,
                  0.41961734685595325,
                  0.51951629908601671,
                  -0.0046376162510358707,
                  0.14416412958142369,
                  -0.22986502979646409,
                  -0.53808622994658362,
                  -0.67018933079844689,
                  0.011865151105349742,
                  70.507841266268528,
                  -0.61982388986732395,
                  1.2604541158632352,
                  10.914644669675207,
                  0.41054706533337304,
                  0.38829905541632798,
                  -0.03819276455362932,
                  0.1512481841820679,
                  -0.1000735067349032,
                  -0.33647890078775999,
                  -0.4706602148585815,
                  0.0051122688059045641,
                  43.334503906912474,
                  -0.32233495744932977,
                  0.41961734685595325,
                  0.41054706533337304,
                  10.278750030314191,
                  0.21940546088479648,
                  -0.046836716297090637,
                  0.074974238221045847,
                  -0.023404531265776424,
                  -0.12446140143782525,
                  -0.20874624280669815,
                  0.0061132717480459281,
                  47.219001395936523,
                  -0.2997465600949491,
                  0.51951629908601671,
                  0.38829905541632798,
                  0.21940546088479648,
                  10.237280923959016,
                  -0.0070453534369069046,
                  0.07191760243382378,
                  -0.033784904564889258,
                  -0.13172103860797152,
                  -0.20426283742574911,
                  -0.00046013945566203342,
                  -6.3467443342631071,
                  0.050731800021648725,
                  -0.0046376162510358707,
                  -0.03819276455362932,
                  -0.046836716297090637,
                  -0.0070453534369069046,
                  10.055120988884299,
                  0.011619908582662377,
                  0.014528034210930192,
                  0.023472192587537681,
                  0.03426292380990912,
                  0.0024917023730552748,
                  35.861916253773479,
                  -0.21037361913485955,
                  0.14416412958142369,
                  0.1512481841820679,
                  0.074974238221045847,
                  0.07191760243382378,
                  0.011619908582662377,
                  10.094837811688343,
                  0.023679202548861134,
                  -0.032403239357816006,
                  -0.060017515704415714,
                  -0.00097708485280709623,
                  16.742682686354328,
                  -0.074146749037795764,
                  -0.22986502979646409,
                  -0.1000735067349032,
                  -0.023404531265776424,
                  -0.033784904564889258,
                  0.014528034210930192,
                  0.023679202548861134,
                  10.114864961346271,
                  0.13965642276511564,
                  0.12309105393515894,
                  -0.0039940891120975631,
                  -9.6572515255106151,
                  0.13098575579259664,
                  -0.53808622994658362,
                  -0.33647890078775999,
                  -0.12446140143782525,
                  -0.13172103860797152,
                  0.023472192587537681,
                  -0.032403239357816006,
                  0.13965642276511564,
                  10.251751438972697,
                  0.27618591848006996,
                  -0.0057566645718784525,
                  -25.944776855171344,
                  0.27201005497628317,
                  -0.67018933079844689,
                  -0.4706602148585815,
                  -0.20874624280669815,
                  -0.20426283742574911,
                  0.03426292380990912,
                  -0.060017515704415714,
                  0.12309105393515894,
                  0.27618591848006996,
                  10.35731615749914
               ],
               "covariance_determinant" : 4404096273943249,
               "covariance_determinant_input" : 0,
               "covariance_mode" : 0,
               "dimension" : 12,
               "dimension_input" : 0,
               "inverse_covariance" : [
                  0.099998664065624743,
                  -4.8943938159730454e-06,
                  1.84337878455288e-05,
                  -0.00010524070715916695,
                  -5.9834159750835407e-05,
                  -2.0242798095847392e-05,
                  -2.7531679015256305e-05,
                  8.2301193380860198e-07,
                  -3.9317050935114433e-06,
                  1.4053867758399141e-05,
                  2.4971988560504593e-05,
                  3.1497308684153298e-05,
                  -4.8943938159730446e-06,
                  3.6312214694728901e-05,
                  0.0004505783051696648,
                  -0.0001337053307932041,
                  -0.00018028241843362876,
                  -0.00012133454064244105,
                  -0.00013619301468649031,
                  1.9240625188865832e-05,
                  -0.00011262629336095135,
                  -6.2972376058796997e-05,
                  1.1214999355269742e-05,
                  5.6882542276486981e-05,
                  1.843378784552879e-05,
                  0.00045057830516966486,
                  0.098028761321001773,
                  0.0024778600407339133,
                  0.0022442550806106147,
                  0.00093909461335148117,
                  0.0005285423635947253,
                  -0.00019107846834406691,
                  0.00035389154984464334,
                  7.6451498663441015e-05,
                  -0.00057499423546558529,
                  -0.0011370181701897584,
                  -0.00010524070715916692,
                  -0.0001337053307932041,
                  0.0024778600407339133,
                  0.084654340412952861,
                  -0.0082416992440225104,
                  -0.0022749704762111962,
                  -0.0030974554752797165,
                  -0.00012829786160269434,
                  -0.000485533038674929,
                  0.001960604856284979,
                  0.0037993468586667175,
                  0.0044691927161560601,
                  -5.9834159750835421e-05,
                  -0.00018028241843362879,
                  0.0022442550806106142,
                  -0.0082416992440225104,
                  0.094252154798166704,
                  -0.0024551613596527806,
                  -0.0021086168524758744,
                  0.00019953889580909297,
                  -0.00055082193470434946,
                  0.00097911572129180365,
                  0.0023072248187920707,
                  0.0030710844026354974,
                  -2.0242798095847392e-05,
                  -0.00012133454064244108,
                  0.00093909461335148106,
                  -0.0022749704762111958,
                  -0.0024551613596527798,
                  0.098087742271382117,
                  -0.0012667739068876202,
                  0.00035761480600445201,
                  -0.00019022360071629181,
                  0.00032699217531984622,
                  0.00080637372200451042,
                  0.0013368616987040809,
                  -2.7531679015256302e-05,
                  -0.00013619301468649028,
                  0.0005285423635947253,
                  -0.0030974554752797173,
                  -0.0021086168524758744,
                  -0.0012667739068876205,
                  0.09862801460694326,
                  -4.1565409424813787e-05,
                  -0.00011345627804208657,
                  0.0004381147291639049,
                  0.00084537444094173666,
                  0.0012399990032614322,
                  8.2301193380860198e-07,
                  1.9240625188865832e-05,
                  -0.00019107846834406691,
                  -0.00012829786160269434,
                  0.00019953889580909297,
                  0.00035761480600445201,
                  -4.1565409424813787e-05,
                  0.099469072977957262,
                  -0.00019213563784721362,
                  -0.00017003508807553557,
                  -0.00019476985974080331,
                  -0.00026258201165305469,
                  -3.9317050935114433e-06,
                  -0.00011262629336095135,
                  0.00035389154984464362,
                  -0.00048553303867492911,
                  -0.00055082193470434935,
                  -0.00019022360071629192,
                  -0.00011345627804208657,
                  -0.00019213563784721362,
                  0.099487590707822524,
                  -6.5685005387021835e-05,
                  0.00015191684718093688,
                  0.00021992453798031744,
                  1.4053867758399141e-05,
                  -6.2972376058796997e-05,
                  7.6451498663441015e-05,
                  0.001960604856284979,
                  0.00097911572129180343,
                  0.00032699217531984628,
                  0.0004381147291639049,
                  -0.00017003508807553557,
                  -6.5685005387021835e-05,
                  0.099056697689533915,
                  -0.0012347869363232616,
                  -0.0011172818739117159,
                  2.4971988560504586e-05,
                  1.1214999355269742e-05,
                  -0.0005749942354655854,
                  0.0037993468586667179,
                  0.0023072248187920698,
                  0.00080637372200451031,
                  0.00084537444094173666,
                  -0.00019476985974080331,
                  0.00015191684718093688,
                  -0.0012347869363232616,
                  0.097934191423189612,
                  -0.0021684707347187503,
                  3.1497308684153298e-05,
                  5.6882542276486981e-05,
                  -0.0011370181701897584,
                  0.004469192716156061,
                  0.0030710844026354965,
                  0.0013368616987040809,
                  0.0012399990032614322,
                  -0.00026258201165305469,
                  0.00021992453798031744,
                  -0.0011172818739117159,
                  -0.0021684707347187503,
                  0.097275864612871424
               ],
               "inverse_covariance_input" : [],
               "mean" : [
                  0.034870447670656335,
                  1201.7026772358693,
                  5.3935388336126557,
                  0.41990815159937644,
                  -1.1657111925574952,
                  -2.3362925799444123,
                  -0.44769652652340908,
                  0.083460051567901039,
                  -1.57404833457445,
                  -0.97005997671139232,
                  -0.27687170106788805,
                  0.5948736309258208
               ],
               "output_covariance" : []
            },
            {
               "bimodal" : false,
               "covariance" : [
                  10.000236157271694,
                  2.779944395517012,
                  -0.013305003231074339,
                  0.011798847489466288,
                  0.0099217881062375057,
                  0.005537171371454366,
                  0.0059512884316087963,
                  -0.0005845580408476034,
                  0.0034198672623504652,
                  0.00093039274904309322,
                  -0.0015647705340287585,
                  -0.0034978614597498212,
                  2.779944395517012,
                  64797.374235036594,
                  -262.25709075108568,
                  62.361494314186771,
                  102.29345735620601,
                  82.550585418680996,
                  80.699097534017582,
                  -15.993509542970669,
                  71.836802262266716,
                  42.022867282669864,
                  5.6300256697865061,
                  -23.388854778708893,
                  -0.013305003231074339,
                  -262.25709075108568,
                  11.281770631117672,
                  -0.54542860523702241,
                  -0.67076284235701134,
                  -0.43457518673531076,
                  -0.38757121126482613,
                  0.087743070696117226,
                  -0.32475664627327183,
                  -0.16509217720786509,
                  0.061706911860548205,
                  0.22930315860446232,
                  0.011798847489466288,
                  62.361494314186771,
                  -0.54542860523702241,
                  11.394763049423524,
                  0.87031263980690421,
                  0.30819385463454441,
                  0.34871351898238662,
                  -0.011225266066766848,
                  0.11866185009442151,
                  -0.11566146477978162,
                  -0.32929458565676162,
                  -0.43297456664313994,
                  0.0099217881062375057,
                  102.29345735620601,
                  -0.67076284235701134,
                  0.87031263980690421,
                  10.722663959071037,
                  0.36844973426283562,
                  0.32315332448898182,
                  -0.05007235707569882,
                  0.16122646080959743,
                  -0.021957167442479775,
                  -0.21644629639326315,
                  -0.33951662267474952,
                  0.005537171371454366,
                  82.550585418680996,
                  -0.43457518673531076,
                  0.30819385463454441,
                  0.36844973426283562,
                  10.27744889551485,
                  0.21621705676121608,
                  -0.055794649499235544,
                  0.10535736890657024,
                  0.015238627430449197,
                  -0.08058152389369666,
                  -0.16628255200557804,
                  0.0059512884316087963,
                  80.699097534017582,
                  -0.38757121126482613,
                  0.34871351898238662,
                  0.32315332448898182,
                  0.21621705676121608,
                  10.218718826858233,
                  -0.011128107369033058,
                  0.10387116548771425,
                  0.020876781225896455,
                  -0.062196849091196563,
                  -0.13372629310593809,
                  -0.0005845580408476034,
                  -15.993509542970669,
                  0.087743070696117226,
                  -0.011225266066766848,
                  -0.05007235707569882,
                  -0.055794649499235544,
                  -0.011128107369033058,
                  10.068343334545199,
                  0.00512083467292241,
                  0.022554229517319179,
                  0.038726805483483451,
                  0.050633601066187771,
                  0.0034198672623504652,
                  71.836802262266716,
                  -0.32475664627327183,
                  0.11866185009442151,
                  0.16122646080959743,
                  0.10535736890657024,
                  0.10387116548771425,
                  0.00512083467292241,
                  10.122882710755452,
                  0.05853725480530228,
                  -0.0034215360697147424,
                  -0.043402186710441888,
                  0.00093039274904309322,
                  42.022867282669864,
                  -0.16509217720786509,
                  -0.11566146477978162,
                  -0.021957167442479775,
                  0.015238627430449197,
                  0.020876781225896455,
                  0.022554229517319179,
                  0.05853725480530228,
                  10.114224633770746,
                  0.1179058138544138,
                  0.093346188092321009,
                  -0.0015647705340287585,
                  5.6300256697865061,
                  0.061706911860548205,
                  -0.32929458565676162,
                  -0.21644629639326315,
                  -0.08058152389369666,
                  -0.062196849091196563,
                  0.038726805483483451,
                  -0.0034215360697147424,
                  0.1179058138544138,
                  10.199565210819609,
                  0.21101117328969046,
                  -0.0034978614597498212,
                  -23.388854778708893,
                  0.22930315860446232,
                  -0.43297456664313994,
                  -0.33951662267474952,
                  -0.16628255200557804,
                  -0.13372629310593809,
                  0.050633601066187771,
                  -0.043402186710441888,
                  0.093346188092321009,
                  0.21101117328969046,
                  10.272719389707101
               ],
               "covariance_determinant" : 8594398846398114,
               "covariance_determinant_input" : 0,
               "covariance_mode" : 0,
               "dimension" : 12,
               "dimension_input" : 0,
               "inverse_covariance" : [
                  0.099998943970130524,
                  -4.0309235774999461e-06,
                  1.6161751212533564e-05,
                  -7.5000696072152602e-05,
                  -4.4868713300926366e-05,
                  -1.6091358217765579e-05,
                  -2.1132007213762231e-05,
                  -1.317823356331496e-06,
                  -2.6328463587053233e-06,
                  6.6126162640698782e-06,
                  1.3373814260935161e-05,
                  1.8992274689548136e-05,
                  -4.0309235774999452e-06,
                  1.7740042972432388e-05,
                  0.00038863685911372285,
                  -6.1088669310749668e-05,
                  -0.00013060511921186222,
                  -0.00011557483612482988,
                  -0.00011526022350482887,
                  2.3473468275760697e-05,
                  -0.00010777544703996827,
                  -6.7349949743589893e-05,
                  -1.8303065833364694e-05,
                  2.1868450534818492e-05,
                  1.6161751212533537e-05,
                  0.00038863685911372285,
                  0.097996309142987806,
                  0.002299719389286717,
                  0.0021396380145242127,
                  0.00083944441297956586,
                  0.0004619291511752477,
                  -0.00021047010272196633,
                  0.00030638829906039558,
                  3.0057670011148519e-05,
                  -0.00065498418328479246,
                  -0.0010998215267281077,
                  -7.5000696072152615e-05,
                  -6.1088669310749682e-05,
                  0.002299719389286717,
                  0.089007967090705395,
                  -0.0062085215921441053,
                  -0.0017380650130897539,
                  -0.0021748205481109638,
                  -8.9813766237514765e-05,
                  -0.00038915306719280123,
                  0.0012445253910141677,
                  0.0026536374508308309,
                  0.0032324058733126655,
                  -4.4868713300926366e-05,
                  -0.00013060511921186222,
                  0.0021396380145242127,
                  -0.0062085215921441053,
                  0.095383531542931846,
                  -0.0020021000567746697,
                  -0.0016036267949180736,
                  0.00020793054871040602,
                  -0.00040653386248081278,
                  0.00067832083191435267,
                  0.0017978659503261934,
                  0.0024465238609743052,
                  -1.6091358217765576e-05,
                  -0.0001155748361248299,
                  0.00083944441297956597,
                  -0.0017380650130897541,
                  -0.0020021000567746693,
                  0.098435529683730483,
                  -0.00099552953427762473,
                  0.00033252532739414366,
                  -0.00011172018770536173,
                  0.00030460869898425692,
                  0.00070333101613241199,
                  0.001139762583988515,
                  -2.1132007213762245e-05,
                  -0.00011526022350482887,
                  0.00046192915117524829,
                  -0.0021748205481109638,
                  -0.001603626794918074,
                  -0.00099552953427762473,
                  0.098948234408742605,
                  -0.00010043157697012108,
                  -0.00011870947153092308,
                  0.00024227857632433452,
                  0.00053223276129910296,
                  0.0008414082874087398,
                  -1.3178233563314962e-06,
                  2.3473468275760701e-05,
                  -0.00021047010272196633,
                  -8.9813766237514778e-05,
                  0.00020793054871040602,
                  0.00033252532739414361,
                  -0.00010043157697012112,
                  0.099367334889152489,
                  -0.00022837644941603992,
                  -0.00031391434246025415,
                  -0.00037330884743360943,
                  -0.0004149161302981157,
                  -2.6328463587053233e-06,
                  -0.00010777544703996827,
                  0.00030638829906039558,
                  -0.00038915306719280123,
                  -0.00040653386248081273,
                  -0.0001117201877053616,
                  -0.00011870947153092295,
                  -0.00022837644941603992,
                  0.099575637392472563,
                  -0.00012997327083219459,
                  6.7794348447249172e-05,
                  0.00013620655305868394,
                  6.6126162640698791e-06,
                  -6.7349949743589907e-05,
                  3.0057670011148522e-05,
                  0.0012445253910141679,
                  0.00067832083191435267,
                  0.00030460869898425692,
                  0.00024227857632433452,
                  -0.00031391434246025421,
                  -0.00012997327083219459,
                  0.099187949320929308,
                  -0.0010303414384966502,
                  -0.0009501922298560245,
                  1.3373814260935163e-05,
                  -1.8303065833364694e-05,
                  -0.00065498418328479246,
                  0.0026536374508308314,
                  0.0017978659503261937,
                  0.0007033310161324121,
                  0.00053223276129910307,
                  -0.00037330884743360943,
                  6.7794348447249158e-05,
                  -0.0010303414384966502,
                  0.098241589669391421,
                  -0.0018439531422133496,
                  1.899227468954814e-05,
                  2.1868450534818492e-05,
                  -0.0010998215267281077,
                  0.0032324058733126659,
                  0.0024465238609743052,
                  0.001139762583988515,
                  0.00084140828740873991,
                  -0.0004149161302981157,
                  0.00013620655305868396,
                  -0.00095019222985602439,
                  -0.0018439531422133496,
                  0.097715184938643576
               ],
               "inverse_covariance_input" : [],
               "mean" : [
                  0.040964272321044937,
                  1328.8743355982353,
                  4.877545087580514,
                  0.70369526044928521,
                  -0.91091362523341857,
                  -2.1797737300937325,
                  -0.29155442666878278,
                  0.028600069920681755,
                  -1.4431745387476294,
                  -0.93868734352921201,
                  -0.31887038096283338,
                  0.49820825713531214
               ],
               "output_covariance" : []
            },
            {
               "bimodal" : false,
               "covariance" : [
                  10.000177430682891,
                  3.1393454845948021,
                  -0.011068427652357242,
                  0.0020240697837793087,
                  0.0047403248611344508,
                  0.0046736276677714836,
                  0.0041639489701798807,
                  -0.00023574567016923333,
                  0.0033779932440654381,
                  0.002103892845119104,
                  0.00114914126540554,
                  -0.00050697594727068052,
                  3.1393454845948021,
                  119699.64241498585,
                  -358.17655424143464,
                  -10.359938999369168,
                  105.62158036540448,
                  124.7810033497081,
                  104.32501236042586,
                  -6.6002716910118897,
                  108.93824080087431,
                  76.111863933566042,
                  41.566611320075516,
                  -9.7793963348198165,
                  -0.011068427652357242,
                  -358.17655424143464,
                  11.223877127112155,
                  -0.097280693723339765,
                  -0.45952625433933425,
                  -0.45935351262751484,
                  -0.37056584150430583,
                  0.032760863497522698,
                  -0.3682237986146083,
                  -0.23525798020964944,
